*Vertices 7
1 "CL"
2 "CM"
3 "CT"
4 "NC"
5 "NN"
6 "TC"
7 "RH"
*Matrix
0.0000	0.0384	0.3551	0.6142	0.6582	0.58	0.6503
0.0384	0.0000	0.3252	0.6211	0.6784	0.5884	0.6506
0.3551	0.3252	0.0000	0.2776	0.257	0.1983	0.2644
0.6142	0.6211	0.2776	0.0000	0.2096	0.1444	0.1893
0.6582	0.6784	0.257	0.2096	0.0000	0.1383	0.2186
0.5800	0.5884	0.1983	0.1444	0.1383	0.0000	0.1813
0.6503	0.6506	0.2644	0.1893	0.2186	0.1813	0.0000
