	 0.0000	 0.1793	 0.1873	 0.1208	 0.1287	 0.2916	 0.0756	 0.1107	 0.1109	 0.1230
	 0.1793	 0.0000	 0.2806	 0.1816	 0.2163	 0.3314	 0.1068	 0.1188	 0.1578	 0.1849
	 0.1873	 0.2806	 0.0000	 0.2187	 0.1542	 0.3563	 0.1980	 0.2325	 0.1313	 0.2170
	 0.1208	 0.1816	 0.2187	 0.0000	 0.1659	 0.2722	 0.0837	 0.1256	 0.0930	 0.0797
	 0.1287	 0.2163	 0.1542	 0.1659	 0.0000	 0.2805	 0.1286	 0.1543	 0.1119	 0.1595
	 0.2916	 0.3314	 0.3563	 0.2722	 0.2805	 0.0000	 0.2754	 0.3255	 0.2836	 0.2940
	 0.0756	 0.1068	 0.1980	 0.0837	 0.1286	 0.2754	 0.0000	 0.0667	 0.1043	 0.1064
	 0.1107	 0.1188	 0.2325	 0.1256	 0.1543	 0.3255	 0.0667	 0.0000	 0.1337	 0.1227
	 0.1109	 0.1578	 0.1313	 0.0930	 0.1119	 0.2836	 0.1043	 0.1337	 0.0000	 0.0934
	 0.1230	 0.1849	 0.2170	 0.0797	 0.1595	 0.2940	 0.1064	 0.1227	 0.0934	 0.0000
